53004
52436
52436
53572
54708
55844
56980
57548
58116
58684
60388
60956
60956
61524
62092
63228
63228
63228
63228
64364
64364
64932
65500
65500
66068
66636
66636
66636
67204
67772
67772
68340
67772
68908
68340
68340
68908
68908
68908
69476
70044
70044
70044
70044
71180
71180
71748
71748
72316
72316
72316
72316
72884
72884
72884
73452
73452
74020
74020
74588
74588
74588
74588
75156
75156
75724
75156
74588
75724
75156
75724
75724
75724
76292
75724
76292
76292
76860
76860
76860
76860
77428
77428
77428
77996
77996
77996
77996
78564
79132
78564
79132
79132
80268
79700
80268
79132
80268
80268
80836
80836
80836
80836
81404
80836
81404
80268
80836
81404
81972
81972
81972
82540
82540
82540
82540
82540
82540
82540
82540
82540
82540
83108
83108
83108
83108
83676
83676
83108
83676
83676
83676
84244
84244
84244
83676
84812
84812
84244
84812
84812
85380
84812
83108
81972
81404
80836
80268
79700
79132
78564
78564
78564
77996
77428
77428
76860
76292
76292
75724
75724
75724
75156
74588
74588
75156
76860
77428
77996
78564
79132
79700
79700
80268
80268
80836
80836
81404
81404
81404
82540
82540
82540
82540
82540
81404
80268
79700
78564
77996
77996
77428
76860
76292
75724
75156
75156
74588
74588
74020
73452
73452
73452
72884
72884
72316
72316
72316
71748
71180
71748
71180
70612
70612
70612
70612
70044
70044
70044
69476
70044
69476
69476
69476
69476
68908
68908
68340
68340
68340
68340
68340
67772
67772
67772
67204
67772
67772
67204
67204
67204
66636
66636
66636
66636
66636
66636
66068
66068
66068
