15.366667
15.366667
15.366667
15.366667
7.105333
17.453333
16.647000
6.212667
17.970333
16.954667
9.163667
25.522334
16.876334
12.645000
30.242333
16.319000
12.222667
29.987666
15.451000
7.735000
18.406667
16.006000
6.134667
17.301667
12.718000
30.414667
16.362667
7.101667
17.552334
7.532334
12.055333
19.507667
15.996667
6.106000
19.491334
16.289333
7.057333
16.482667
8.346666
29.813667
18.425333
12.231333
29.907000
18.527334
11.182333
30.056333
16.481667
13.920667
30.156000
15.493000
6.226334
26.630666
17.322000
7.406000
26.100000
15.836667
9.374000
29.128000
15.319000
13.675000
16.415000
13.781667
12.142000
16.924000
8.638000
16.850666
15.288000
16.426667
28.740666
16.877000
8.270000
31.142333
17.281666
9.537666
12.349000
15.080000
16.628333
25.617667
15.350334
14.640667
25.471667
17.011666
6.094667
18.198333
15.313334
7.609666
29.862334
10.367000
10.989667
17.716667
8.486000
12.170000
28.782667
13.231667
17.048333
9.128000
26.941334
16.457000
17.596666
29.381333
6.241000
11.366667
9.561333
16.228000
14.888333
12.283000
15.456000
14.740000
12.153667
15.758666
12.133000
18.540666
16.472000
6.397334
28.847333
16.640000
6.257666
28.912000
8.362667
10.305667
18.496333
100.387334
12.618666
15.878333
6.869333
12.108666
19.704000
9.551334
27.048000
16.373334
6.616333
8.082334
9.430334
30.357000
15.424000
13.590334
30.231667
17.669333
323.253000
733.940333
640.313667
97.156000
97.156000
1357.281667
1357.281667
732.614000
170.751333
170.751333
668.883667
668.883667
1378.417333
1378.417333
716.722666
170.797667
170.797667
668.480334
668.480334
1361.079667
1361.079667
733.477000
8.904666
14.553666
16.312666
15.367667
6.227000
24.464333
16.002333
8.044000
27.097333
18.404667
12.537334
30.253000
16.237000
14.523000
30.182667
16.357333
14.674000
30.361333
16.505333
12.138334
12.138334
12.138334
12.138334
12.138334
12.138334
12.138334
12.138334
12.138334
12.138334
12.138334
12.138334
12.138334
12.138334
12.138334
12.138334
12.138334
12.138334
12.138334
12.138334
12.138334
12.138334
12.138334
12.138334
12.138334
12.138334
12.138334
12.138334
12.138334
12.138334
12.138334
12.138334
12.138334
12.138334
12.138334
12.138334
12.138334
12.138334
12.138334
12.138334
12.138334
12.138334
12.138334
12.138334
12.138334
12.138334
12.138334
12.138334
12.138334
12.138334
12.138334
12.138334
12.138334
12.138334
12.138334
12.138334
12.138334
12.138334
12.138334
12.138334
12.138334
12.138334
12.138334
12.138334
12.138334
12.138334
